date,new_cases,cumulative_cases
2020/1/25,1,1
2020/1/26,0,1
2020/1/27,1,2
2020/1/28,1,3
2020/1/29,0,3
2020/1/30,0,3
2020/1/31,1,4
2020/2/1,0,4
2020/2/2,0,4
2020/2/3,0,4
2020/2/4,1,5
2020/2/5,0,5
2020/2/6,2,7
2020/2/7,0,7
2020/2/8,0,7
2020/2/9,0,7
2020/2/10,0,7
2020/2/11,0,7
2020/2/12,0,7
2020/2/13,0,7
2020/2/14,1,8
2020/2/15,0,8
2020/2/16,0,8
2020/2/17,0,8
2020/2/18,0,8
2020/2/19,0,8
2020/2/20,1,9
2020/2/21,0,9
2020/2/22,0,9
2020/2/23,1,10
2020/2/24,1,11
2020/2/25,0,11
2020/2/26,1,12
2020/2/27,2,14
2020/2/28,2,16
2020/2/29,4,20
2020/3/1,4,24
2020/3/2,0,24
2020/3/3,9,33
2020/3/4,1,34
2020/3/5,12,46
2020/3/6,8,54
2020/3/7,6,60
2020/3/8,7,67
2020/3/9,19,86
2020/3/10,9,95
2020/3/11,21,116
2020/3/12,40,156
2020/3/13,42,198
2020/3/14,59,257
2020/3/15,84,341
2020/3/16,100,441
2020/3/17,156,597
2020/3/18,130,727
2020/3/19,146,873
2020/3/20,214,1087
2020/3/21,244,1331
2020/3/22,140,1471
2020/3/23,620,2091
2020/3/24,728,2819
2020/3/25,589,3408
2020/3/26,634,4042
2020/3/27,714,4756
2020/3/28,898,5654
2020/3/29,665,6319
2020/3/30,1127,7446
2020/3/31,1143,8589
2020/4/1,1599,10188
2020/4/2,1587,11775
2020/4/3,1202,12977
2020/4/4,1429,14406
2020/4/5,1506,15912
2020/4/6,1250,17162
2020/4/7,1397,18559
2020/4/8,1291,19850
2020/4/9,1550,21400
2020/4/10,1312,22712
2020/4/11,1247,23959
2020/4/12,1098,25057
2020/4/13,1368,26425
2020/4/14,1460,27885
2020/4/15,1346,29231
2020/4/16,1732,30963
2020/4/17,1883,32846
2020/4/18,1530,34376
2020/4/19,1634,36010
2020/4/20,1842,37852
2020/4/21,1531,39383
2020/4/22,1970,41353
2020/4/23,1863,43216
2020/4/24,1624,44840
2020/4/25,1419,46259
2020/4/26,1587,47846
2020/4/27,1632,49478
2020/4/28,1466,50944
2020/4/29,1693,52637
2020/4/30,1573,54210
2020/5/1,1956,56166
2020/5/2,1578,57744
2020/5/3,2560,60304
2020/5/4,1482,61786
2020/5/5,1268,63054
2020/5/6,1487,64541
2020/5/7,1510,66051
2020/5/8,1468,67519
2020/5/9,1242,68761
2020/5/10,1167,69928
2020/5/11,1187,71115
2020/5/12,1158,72273
2020/5/13,1150,73423
2020/5/14,1223,74646
2020/5/15,1178,75824
2020/5/16,1233,77057
2020/5/17,1126,78183
2020/5/18,1076,79259
2020/5/19,1115,80374
2020/5/20,1079,81453
2020/5/21,1173,82626
2020/5/22,1210,83836
2020/5/23,1200,85036
2020/5/24,956,85992
2020/5/25,1027,87019
2020/5/26,976,87995
2020/5/27,894,88889
2020/5/28,994,89883
2020/5/29,932,90815
2020/5/30,777,91592
2020/5/31,805,92397
2020/6/1,818,93215
2020/6/2,670,93885
2020/6/3,689,94574
2020/6/4,625,95199
2020/6/5,682,95881
2020/6/6,519,96400
2020/6/7,700,97100
2020/6/8,615,97715
2020/6/9,459,98174
2020/6/10,481,98655
2020/6/11,439,99094
2020/6/12,444,99538
2020/6/13,447,99985
2020/6/14,355,100340
2020/6/15,377,100717
2020/6/16,332,101049
2020/6/17,391,101440
2020/6/18,380,101820
2020/6/19,440,102260
2020/6/20,366,102626
2020/6/21,298,102924
2020/6/22,358,103282
2020/6/23,357,103639
2020/6/24,318,103957
2020/6/25,369,104326
2020/6/26,176,104502
2020/6/27,243,104745
2020/6/28,292,105037
2020/6/29,647,105684
2020/6/30,279,105963
2020/7/1,191,106154
2020/7/2,357,106511
2020/7/3,325,106836
2020/7/4,221,107057
2020/7/5,205,107262
2020/7/6,429,107691
2020/7/7,204,107895
2020/7/8,313,108208
2020/7/9,322,108530
2020/7/10,324,108854
2020/7/11,173,109027
2020/7/12,201,109228
2020/7/13,680,109908
2020/7/14,303,110211
2020/7/15,343,110554
2020/7/16,447,111001
2020/7/17,436,111437
2020/7/18,363,111800
2020/7/19,319,112119
2020/7/20,809,112928
2020/7/21,560,113488
2020/7/22,514,114002
2020/7/23,470,114472
2020/7/24,547,115019
2020/7/25,336,115355
2020/7/26,316,115671
2020/7/27,723,116394
2020/7/28,409,116803
2020/7/29,496,117299
2020/7/30,342,117641
2020/7/31,499,118140
2020/8/1,270,118410
2020/8/2,225,118635
2020/8/3,211,118846
2020/8/4,735,119581
2020/8/5,384,119965
2020/8/6,365,120330
2020/8/7,426,120756
2020/8/8,242,120998
2020/8/9,212,121210
2020/8/10,699,121909
2020/8/11,346,122255
2020/8/12,402,122657
2020/8/13,392,123049
2020/8/14,420,123469
2020/8/15,210,123679
2020/8/16,168,123847
2020/8/17,738,124585
2020/8/18,357,124942
2020/8/19,325,125267
2020/8/20,404,125671
2020/8/21,509,126180
2020/8/22,228,126408
2020/8/23,243,126651
2020/8/24,805,127456
2020/8/25,309,127765
2020/8/26,485,128250
2020/8/27,452,128702
2020/8/28,504,129206
2020/8/29,281,129487
2020/8/30,242,129729
2020/8/31,1051,130780
2020/9/1,500,131280
2020/9/2,505,131785
2020/9/3,587,132372
2020/9/4,610,132982
2020/9/5,359,133341
2020/9/6,367,133708
2020/9/7,431,134139
2020/9/8,1472,135611
2020/9/9,581,136192
2020/9/10,624,136816
2020/9/11,726,137542
2020/9/12,465,138007
2020/9/13,535,138542
2020/9/14,1418,139960
2020/9/15,797,140757
2020/9/16,954,141711
2020/9/17,1167,142878
2020/9/18,1042,143920
2020/9/19,835,144755
2020/9/20,801,145556
2020/9/21,1855,147411
2020/9/22,1288,148699
2020/9/23,1099,149798
2020/9/24,1325,151123
2020/9/25,1450,152573
2020/9/26,1246,153819
2020/9/27,1411,155230
2020/9/28,2243,157473
2020/9/29,1669,159142
2020/9/30,1816,160958
2020/10/1,1821,162779
2020/10/2,2121,164900
2020/10/3,1801,166701
2020/10/4,1609,168310
2020/10/5,2908,171218
2020/10/6,2379,173597
2020/10/7,1859,175456
2020/10/8,2474,177930
2020/10/9,2531,180461
2020/10/10,2118,182579
2020/10/11,1600,184179
2020/10/12,1732,185911
2020/10/13,3420,189331
2020/10/14,2549,191880
2020/10/15,2271,194151
2020/10/16,2566,196717
2020/10/17,2027,198744
2020/10/18,1791,200535
2020/10/19,3269,203804
2020/10/20,2327,206131
2020/10/21,2698,208829
2020/10/22,2838,211667
2020/10/23,2649,214316
2020/10/24,2212,216528
2020/10/25,2046,218574
2020/10/26,4173,222747
2020/10/27,2718,225465
2020/10/28,2667,228132
2020/10/29,3012,231144
2020/10/30,3546,234690
2020/10/31,2358,237048
2020/11/1,2284,239332
2020/11/2,3595,242927
2020/11/3,4736,247663
2020/11/4,3311,250974
2020/11/5,3121,254095
2020/11/6,4536,258631
2020/11/7,3406,262037
2020/11/8,3152,265189
2020/11/9,6549,271738
2020/11/10,4499,276237
2020/11/11,3278,279515
2020/11/12,6177,285692
2020/11/13,4768,290460
2020/11/14,3361,293821
2020/11/15,3244,297065
2020/11/16,8139,305204
2020/11/17,4467,309671
2020/11/18,4516,314187
2020/11/19,4792,318979
2020/11/20,5003,323982
2020/11/21,4913,328895
2020/11/22,4667,333562
2020/11/23,6887,340449
2020/11/24,5286,345735
2020/11/25,5124,350859
2020/11/26,5728,356587
2020/11/27,5954,362541
2020/11/28,5621,368162
2020/11/29,5357,373519
2020/11/30,7921,381440
2020/12/1,5672,387112
2020/12/2,6397,393509
2020/12/3,6203,399712
2020/12/4,6460,406172
2020/12/5,6233,412405
2020/12/6,6272,418677
2020/12/7,7933,426610
2020/12/8,6197,432807
2020/12/9,6353,439160
2020/12/10,6705,445865
2020/12/11,6683,452548
2020/12/12,5900,458448
2020/12/13,5812,464260
2020/12/14,8560,472820
2020/12/15,6181,479001
2020/12/16,6538,485539
2020/12/17,7040,492579
2020/12/18,6700,499279
2020/12/19,6360,505639
2020/12/20,5806,511445
2020/12/21,7850,519295
2020/12/22,6272,525567
2020/12/23,6949,532516
2020/12/24,5698,538214
2020/12/25,400,538614
2020/12/26,1722,540336
2020/12/27,9798,550134
2020/12/28,10739,560873
2020/12/29,8876,569749
2020/12/30,7597,577346
2020/12/31,7115,584461
2021/1/1,714,585175
2021/1/2,4618,589793
2021/1/3,12056,601849
2021/1/4,14364,616213
2021/1/5,7341,623554
2021/1/6,7927,631481
2021/1/7,8173,639654
2021/1/8,9195,648849
2021/1/9,8398,657247
2021/1/10,6894,664141
2021/1/11,8879,673020
2021/1/12,6077,679097
2021/1/13,7180,686277
2021/1/14,7479,693756
2021/1/15,6899,700655
2021/1/16,6268,706923
2021/1/17,5866,712789
2021/1/18,6639,719428
2021/1/19,5201,724629
2021/1/20,5538,730167
2021/1/21,6234,736401
2021/1/22,5773,742174
2021/1/23,4949,747123
2021/1/24,4366,751489
2021/1/25,5921,757410
2021/1/26,4096,761506
2021/1/27,4301,765807
2021/1/28,4811,770618
2021/1/29,4825,775443
2021/1/30,3888,779331
2021/1/31,3829,783160
2021/2/1,4665,787825
2021/2/2,2945,790770
2021/2/3,3286,794056
2021/2/4,4099,798155
2021/2/5,3995,802150
2021/2/6,3254,805404
2021/2/7,3057,808461
2021/2/8,3924,812385
2021/2/9,2641,815026
2021/2/10,3247,818273
2021/2/11,3189,821462
2021/2/12,3446,824908
2021/2/13,3011,827919
2021/2/14,2020,829939
2021/2/15,1962,831901
2021/2/16,4158,836059
2021/2/17,2738,838797
2021/2/18,3397,842194
2021/2/19,3140,845334
2021/2/20,2577,847911
2021/2/21,2309,850220
2021/2/22,3997,854217
2021/2/23,2808,857025
2021/2/24,2934,859959
2021/2/25,3139,863098
2021/2/26,3216,866314
2021/2/27,2557,868871
2021/2/28,2216,871087
2021/3/1,3796,874883
2021/3/2,2705,877588
2021/3/3,2773,880361
2021/3/4,3042,883403
2021/3/5,3237,886640
2021/3/6,2402,889042
2021/3/7,2206,891248
2021/3/8,4483,895731
2021/3/9,2934,898665
2021/3/10,3085,901750
2021/3/11,3268,905018
2021/3/12,3575,908593
2021/3/13,2995,911588
2021/3/14,2628,914216
2021/3/15,4030,918246
2021/3/16,3016,921262
2021/3/17,3458,924720
2021/3/18,3694,928414
2021/3/19,4358,932772
2021/3/20,3377,936149
2021/3/21,3027,939176
2021/3/22,5153,944329
2021/3/23,3688,948017
2021/3/24,4039,952056
2021/3/25,5232,957288
2021/3/26,5223,962511
2021/3/27,4432,966943
2021/3/28,4052,970995
2021/3/29,6614,977609
2021/3/30,4971,982580
2021/3/31,5795,988375
2021/4/1,5818,994193
2021/4/2,4091,998284
2021/4/3,7241,1005525
2021/4/4,4020,1009545
2021/4/5,10553,1020098
2021/4/6,7401,1027499
2021/4/7,7485,1034984
2021/4/8,8247,1043231
2021/4/9,9155,1052386
2021/4/10,7213,1059599
2021/4/11,7461,1067060
2021/4/12,11196,1078256
2021/4/13,7390,1085646
2021/4/14,9175,1094821
2021/4/15,9613,1104434
2021/4/16,9314,1113748
2021/4/17,7216,1120964
2021/4/18,7645,1128609
2021/4/19,10645,1139254
2021/4/20,7300,1146554
2021/4/21,6482,1153036
2021/4/22,10769,1163805
2021/4/23,8594,1172399
2021/4/24,7105,1179504
2021/4/25,6613,1186117
2021/4/26,9279,1195396
2021/4/27,7066,1202462
2021/4/28,8112,1210574
2021/4/29,9522,1220096
2021/4/30,8148,1228244
2021/5/1,7426,1235670
2021/5/2,6888,1242558
2021/5/3,8644,1251202
2021/5/4,6710,1257912
2021/5/5,7845,1265757
2021/5/6,7797,1273554
2021/5/7,7687,1281241
2021/5/8,6634,1287875
2021/5/9,6379,1294254
2021/5/10,7516,1301770
2021/5/11,5381,1307151
2021/5/12,6576,1313727
2021/5/13,6359,1320086
2021/5/14,6170,1326256
2021/5/15,5060,1331316
2021/5/16,4714,1336030
2021/5/17,5320,1341350
2021/5/18,3833,1345183
2021/5/19,5049,1350232
2021/5/20,4702,1354934
2021/5/21,4505,1359439
2021/5/22,3540,1362979
2021/5/23,3268,1366247
2021/5/24,2889,1369136
2021/5/25,3385,1372521
2021/5/26,2576,1375097
2021/5/27,2954,1378051
2021/5/28,3104,1381155
2021/5/29,2370,1383525
2021/5/30,2084,1385609
2021/5/31,2699,1388308
2021/6/1,1614,1389922
2021/6/2,2270,1392192
2021/6/3,2186,1394378
2021/6/4,2070,1396448
2021/6/5,1389,1397837
2021/6/6,1348,1399185
2021/6/7,1643,1400828
2021/6/8,1083,1401911
2021/6/9,1616,1403527
2021/6/10,1376,1404903
2021/6/11,1396,1406299
2021/6/12,1188,1407487
2021/6/13,985,1408472
2021/6/14,1246,1409718
2021/6/15,855,1410573
2021/6/16,1111,1411684
2021/6/17,1091,1412775
2021/6/18,995,1413770
2021/6/19,820,1414590
2021/6/20,596,1415186
2021/6/21,978,1416164
2021/6/22,534,1416698
2021/6/23,726,1417424
2021/6/24,733,1418157
2021/6/25,628,1418785
2021/6/26,434,1419219
2021/6/27,389,1419608
2021/6/28,1125,1420733
2021/6/29,443,1421176
2021/6/30,637,1421813
2021/7/1,84,1421897
2021/7/2,893,1422790
2021/7/3,297,1423087
2021/7/4,236,1423323
2021/7/5,903,1424226
2021/7/6,289,1424515
2021/7/7,580,1425095
2021/7/8,568,1425663
2021/7/9,757,1426420
2021/7/10,226,1426646
2021/7/11,167,1426813
2021/7/12,740,1427553
2021/7/13,304,1427857
2021/7/14,378,1428235
2021/7/15,416,1428651
2021/7/16,414,1429065
2021/7/17,317,1429382
2021/7/18,282,1429664
2021/7/19,648,1430312
2021/7/20,322,1430634
2021/7/21,528,1431162
2021/7/22,378,1431540
