date,new_cases,cumulative_cases
2020/1/23,0,1
2020/1/24,1,2
2020/1/25,0,2
2020/1/26,3,5
2020/1/27,0,5
2020/1/28,0,5
2020/1/29,1,6
2020/1/30,0,6
2020/1/31,2,8
2020/2/1,0,8
2020/2/2,0,8
2020/2/3,3,11
2020/2/4,0,11
2020/2/5,0,11
2020/2/6,1,12
2020/2/7,0,12
2020/2/8,0,12
2020/2/9,0,12
2020/2/10,0,12
2020/2/11,1,13
2020/2/12,0,13
2020/2/13,1,14
2020/2/14,0,14
2020/2/15,0,14
2020/2/16,0,14
2020/2/17,0,14
2020/2/18,0,14
2020/2/19,0,14
2020/2/20,0,14
2020/2/21,2,16
2020/2/22,0,16
2020/2/23,0,16
2020/2/24,0,16
2020/2/25,0,16
2020/2/26,0,16
2020/2/27,1,17
2020/2/28,0,17
2020/2/29,8,25
2020/3/1,7,32
2020/3/2,23,55
2020/3/3,19,74
2020/3/4,33,107
2020/3/5,77,184
2020/3/6,53,237
2020/3/7,166,403
2020/3/8,116,519
2020/3/9,75,594
2020/3/10,188,782
2020/3/11,365,1147
2020/3/12,439,1586
2020/3/13,633,2219
2020/3/14,759,2978
2020/3/15,234,3212
2020/3/16,1467,4679
2020/3/17,1833,6512
2020/3/18,2657,9169
2020/3/19,4494,13663
2020/3/20,6367,20030
2020/3/21,5995,26025
2020/3/22,8873,34898
2020/3/23,11238,46136
2020/3/24,10619,56755
2020/3/25,12082,68837
2020/3/26,17856,86693
2020/3/27,18690,105383
2020/3/28,19630,125013
2020/3/29,18899,143912
2020/3/30,22075,165987
2020/3/31,26314,192301
2020/4/1,32286,224587
2020/4/2,32222,256809
2020/4/3,32307,289116
2020/4/4,32386,321502
2020/4/5,29895,351397
2020/4/6,31390,382787
2020/4/7,30779,413566
2020/4/8,31235,444801
2020/4/9,35942,480743
2020/4/10,34403,515146
2020/4/11,29083,544229
2020/4/12,27256,571485
2020/4/13,26939,598424
2020/4/14,28818,627242
2020/4/15,25408,652650
2020/4/16,30002,682652
2020/4/17,33066,715718
2020/4/18,27907,743625
2020/4/19,26062,769687
2020/4/20,29820,799507
2020/4/21,25926,825433
2020/4/22,28911,854344
2020/4/23,33612,887956
2020/4/24,32327,920283
2020/4/25,30380,950663
2020/4/26,26488,977151
2020/4/27,23715,1000866
2020/4/28,24575,1025441
2020/4/29,26459,1051900
2020/4/30,29205,1081105
2020/5/1,34907,1116012
2020/5/2,27348,1143360
2020/5/3,24321,1167681
2020/5/4,24068,1191749
2020/5/5,24528,1216277
2020/5/6,24569,1240846
2020/5/7,27429,1268275
2020/5/8,26830,1295105
2020/5/9,25176,1320281
2020/5/10,18805,1339086
2020/5/11,19298,1358384
2020/5/12,22927,1381311
2020/5/13,20433,1401744
2020/5/14,26817,1428561
2020/5/15,24733,1453294
2020/5/16,24135,1477429
2020/5/17,18388,1495817
2020/5/18,22389,1518206
2020/5/19,20979,1539185
2020/5/20,22725,1561910
2020/5/21,25769,1587679
2020/5/22,23649,1611328
2020/5/23,21099,1632427
2020/5/24,20077,1652504
2020/5/25,18662,1671166
2020/5/26,19663,1690829
2020/5/27,18551,1709380
2020/5/28,22320,1731700
2020/5/29,24478,1756178
2020/5/30,23632,1779810
2020/5/31,18983,1798793
2020/6/1,17414,1816207
2020/6/2,21502,1837709
2020/6/3,19857,1857566
2020/6/4,21658,1879224
2020/6/5,25403,1904627
2020/6/6,21142,1925769
2020/6/7,17928,1943697
2020/6/8,17616,1961313
2020/6/9,18383,1979696
2020/6/10,21111,2000807
2020/6/11,23166,2023973
2020/6/12,24828,2048801
2020/6/13,25212,2074013
2020/6/14,18941,2092954
2020/6/15,19827,2112781
2020/6/16,23667,2136448
2020/6/17,27072,2163520
2020/6/18,28537,2192057
2020/6/19,31544,2223601
2020/6/20,32280,2255881
2020/6/21,25150,2281031
2020/6/22,32144,2313175
2020/6/23,37072,2350247
2020/6/24,35878,2386125
2020/6/25,40326,2426451
2020/6/26,45999,2472450
2020/6/27,41330,2513780
2020/6/28,40734,2554514
2020/6/29,41299,2595813
2020/6/30,46420,2642233
2020/7/1,51820,2694053
2020/7/2,56636,2750689
2020/7/3,51351,2802040
2020/7/4,45693,2847733
2020/7/5,50747,2898480
2020/7/6,43106,2941586
2020/7/7,60661,3002247
2020/7/8,60119,3062366
2020/7/9,62509,3124875
2020/7/10,68057,3192932
2020/7/11,60017,3252949
2020/7/12,58424,3311373
2020/7/13,58930,3370303
2020/7/14,68051,3438354
2020/7/15,68090,3506444
2020/7/16,75866,3582310
2020/7/17,72236,3654546
2020/7/18,62536,3717082
2020/7/19,60456,3777538
2020/7/20,62107,3839645
2020/7/21,64461,3904106
2020/7/22,70579,3974685
2020/7/23,68445,4043130
2020/7/24,73319,4116449
2020/7/25,64953,4181402
2020/7/26,54816,4236218
2020/7/27,56783,4293001
2020/7/28,66412,4359413
2020/7/29,71873,4431286
2020/7/30,67466,4498752
2020/7/31,68712,4567464
2020/8/1,56201,4623665
2020/8/2,45568,4669233
2020/8/3,45501,4714734
2020/8/4,58774,4773508
2020/8/5,54466,4827974
2020/8/6,59349,4887323
2020/8/7,59303,4946626
2020/8/8,54134,5000760
2020/8/9,45769,5046529
2020/8/10,47606,5094135
2020/8/11,48003,5142138
2020/8/12,56040,5198178
2020/8/13,51316,5249494
2020/8/14,65336,5314830
2020/8/15,46951,5361781
2020/8/16,39212,5400993
2020/8/17,36652,5437645
2020/8/18,45033,5482678
2020/8/19,47320,5529998
2020/8/20,44041,5574039
2020/8/21,48843,5622882
2020/8/22,43064,5665946
2020/8/23,34247,5700193
2020/8/24,36482,5736675
2020/8/25,40354,5777029
2020/8/26,45172,5822201
2020/8/27,45393,5867594
2020/8/28,46832,5914426
2020/8/29,42754,5957180
2020/8/30,34404,5991584
2020/8/31,35362,6026946
2020/9/1,41846,6068792
2020/9/2,41018,6109810
2020/9/3,44251,6154061
2020/9/4,50382,6204443
2020/9/5,43158,6247601
2020/9/6,31218,6278819
2020/9/7,23613,6302432
2020/9/8,27226,6329658
2020/9/9,34049,6363707
2020/9/10,36056,6399763
2020/9/11,47769,6447532
2020/9/12,41101,6488633
2020/9/13,34372,6523005
2020/9/14,34423,6557428
2020/9/15,39492,6596920
2020/9/16,39030,6635950
2020/9/17,45130,6681080
2020/9/18,49282,6730362
2020/9/19,42202,6772564
2020/9/20,38447,6811011
2020/9/21,51878,6862889
2020/9/22,39866,6902755
2020/9/23,39069,6941824
2020/9/24,47103,6988927
2020/9/25,48295,7037222
2020/9/26,44673,7081895
2020/9/27,37528,7119423
2020/9/28,33294,7152717
2020/9/29,43338,7196055
2020/9/30,39443,7235498
2020/10/1,45650,7281148
2020/10/2,54950,7336098
2020/10/3,48577,7384675
2020/10/4,35738,7420413
2020/10/5,39376,7459789
2020/10/6,45289,7505078
2020/10/7,51056,7556134
2020/10/8,58599,7614733
2020/10/9,56384,7671117
2020/10/10,54953,7726070
2020/10/11,45981,7772051
2020/10/12,41774,7813825
2020/10/13,52231,7866056
2020/10/14,59778,7925834
2020/10/15,64880,7990714
2020/10/16,69147,8059861
2020/10/17,56759,8116620
2020/10/18,49367,8165987
2020/10/19,67717,8233704
2020/10/20,61956,8295660
2020/10/21,63301,8358961
2020/10/22,76310,8435271
2020/10/23,81933,8517204
2020/10/24,82767,8599971
2020/10/25,62204,8662175
2020/10/26,67310,8729485
2020/10/27,76838,8806323
2020/10/28,79426,8885749
2020/10/29,91019,8976768
2020/10/30,99264,9076032
2020/10/31,89754,9165786
2020/11/1,104900,9270686
2020/11/2,85211,9355897
2020/11/3,127198,9483095
2020/11/4,104541,9587636
2020/11/5,129367,9717003
2020/11/6,128033,9845036
2020/11/7,127510,9972546
2020/11/8,115170,10087716
2020/11/9,120434,10208150
2020/11/10,140504,10348654
2020/11/11,146750,10495404
2020/11/12,164750,10660154
2020/11/13,180398,10840552
2020/11/14,167926,11008478
2020/11/15,136356,11144834
2020/11/16,162624,11307458
2020/11/17,163958,11471416
2020/11/18,173251,11644667
2020/11/19,191510,11836177
2020/11/20,198333,12034510
2020/11/21,179436,12213946
2020/11/22,146947,12360893
2020/11/23,174089,12534982
2020/11/24,175544,12710526
2020/11/25,183403,12893929
2020/11/26,112526,13006455
2020/11/27,207933,13214388
2020/11/28,155661,13370049
2020/11/29,140328,13510377
2020/11/30,160321,13670698
2020/12/1,188339,13859037
2020/12/2,202894,14061931
2020/12/3,223421,14285352
2020/12/4,232644,14517996
2020/12/5,215811,14733807
2020/12/6,181253,14915060
2020/12/7,194409,15109469
2020/12/8,224452,15333921
2020/12/9,222648,15556569
2020/12/10,231428,15787997
2020/12/11,240089,16028086
2020/12/12,217797,16245883
2020/12/13,187971,16433854
2020/12/14,194314,16628168
2020/12/15,208992,16837160
2020/12/16,246644,17083804
2020/12/17,239900,17323704
2020/12/18,251832,17575536
2020/12/19,192102,17767638
2020/12/20,188015,17955653
2020/12/21,198703,18154356
2020/12/22,198107,18352463
2020/12/23,229624,18582087
2020/12/24,194155,18776242
2020/12/25,97880,18874122
2020/12/26,226416,19100538
2020/12/27,155845,19256383
2020/12/28,174152,19430535
2020/12/29,200408,19630943
2020/12/30,233701,19864644
2020/12/31,235600,20100244
2021/1/1,153916,20254160
2021/1/2,300462,20554622
2021/1/3,208853,20763475
2021/1/4,184005,20947480
2021/1/5,235042,21182522
2021/1/6,255637,21438159
2021/1/7,278337,21716496
2021/1/8,295257,22011753
2021/1/9,260967,22272720
2021/1/10,213415,22486135
2021/1/11,214664,22700799
2021/1/12,226967,22927766
2021/1/13,230301,23158067
2021/1/14,235766,23393833
2021/1/15,242780,23636613
2021/1/16,201858,23838471
2021/1/17,177931,24016402
2021/1/18,143598,24160000
2021/1/19,176216,24336216
2021/1/20,183261,24519477
2021/1/21,193856,24713333
2021/1/22,190760,24904093
2021/1/23,170759,25074852
2021/1/24,131198,25206050
2021/1/25,151677,25357727
2021/1/26,147626,25505353
2021/1/27,153961,25659314
2021/1/28,168804,25828118
2021/1/29,166613,25994731
2021/1/30,142459,26137190
2021/1/31,112152,26249342
2021/2/1,134975,26384317
2021/2/2,115303,26499620
2021/2/3,121691,26621311
2021/2/4,124006,26745317
2021/2/5,134422,26879739
2021/2/6,104176,26983915
2021/2/7,89746,27073661
2021/2/8,90438,27164099
2021/2/9,95265,27259364
2021/2/10,95250,27354614
2021/2/11,105764,27460378
2021/2/12,99670,27560048
2021/2/13,87219,27647267
2021/2/14,65135,27712402
2021/2/15,54279,27766681
2021/2/16,62498,27829179
2021/2/17,70139,27899318
2021/2/18,69911,27969229
2021/2/19,79282,28048511
2021/2/20,71696,28120207
2021/2/21,57152,28177359
2021/2/22,56159,28233518
2021/2/23,72270,28305788
2021/2/24,74749,28380537
2021/2/25,77504,28458041
2021/2/26,77349,28535390
2021/2/27,64626,28600016
2021/2/28,51422,28651438
2021/3/1,58098,28709536
2021/3/2,57098,28766634
2021/3/3,67191,28833825
2021/3/4,68060,28901885
2021/3/5,66419,28968304
2021/3/6,58254,29026558
2021/3/7,41073,29067631
2021/3/8,44917,29112548
2021/3/9,57667,29170215
2021/3/10,57895,29228110
2021/3/11,62471,29290581
2021/3/12,61513,29352094
2021/3/13,53031,29405125
2021/3/14,38278,29443403
2021/3/15,56541,29499944
2021/3/16,54008,29553952
2021/3/17,59280,29613232
2021/3/18,60375,29673607
2021/3/19,61651,29735258
2021/3/20,55519,29790777
2021/3/21,33822,29824599
2021/3/22,51436,29876035
2021/3/23,53688,29929723
2021/3/24,86938,30016661
2021/3/25,67546,30084207
2021/3/26,77377,30161584
2021/3/27,62842,30224426
2021/3/28,43223,30267649
2021/3/29,69273,30336922
2021/3/30,61429,30398351
2021/3/31,66765,30465116
2021/4/1,79119,30544235
2021/4/2,69887,30614122
2021/4/3,63261,30677383
2021/4/4,35133,30712516
2021/4/5,77404,30789920
2021/4/6,60674,30850594
2021/4/7,75021,30925615
2021/4/8,79894,31005509
2021/4/9,82710,31088219
2021/4/10,66687,31154906
2021/4/11,46509,31201415
2021/4/12,70075,31271490
2021/4/13,77966,31349456
2021/4/14,75403,31424859
2021/4/15,74308,31499167
2021/4/16,80071,31579238
2021/4/17,52532,31631770
2021/4/18,42121,31673891
2021/4/19,68105,31741996
2021/4/20,60949,31802945
2021/4/21,62855,31865800
2021/4/22,67278,31933078
2021/4/23,62411,31995489
2021/4/24,53495,32048984
2021/4/25,32153,32081137
2021/4/26,47568,32128705
2021/4/27,50836,32179541
2021/4/28,55150,32234691
2021/4/29,58251,32292942
2021/4/30,57919,32350861
2021/5/1,45391,32396252
2021/5/2,29403,32425655
2021/5/3,50491,32476146
2021/5/4,40723,32516869
2021/5/5,44704,32561573
2021/5/6,47557,32609130
2021/5/7,48130,32657260
2021/5/8,33675,32690935
2021/5/9,21427,32712362
2021/5/10,36798,32749160
2021/5/11,33662,32782822
2021/5/12,35826,32818648
2021/5/13,38076,32856724
2021/5/14,42260,32898984
2021/5/15,28857,32927841
2021/5/16,16875,32944716
2021/5/17,28621,32973337
2021/5/18,27789,33001126
2021/5/19,29301,33030427
2021/5/20,30206,33060633
2021/5/21,27946,33088579
2021/5/22,19798,33108377
2021/5/23,12868,33121245
2021/5/24,25815,33147060
2021/5/25,22739,33169799
2021/5/26,23976,33193775
2021/5/27,27448,33221223
2021/5/28,21859,33243082
2021/5/29,12001,33255083
2021/5/30,6734,33261817
2021/5/31,5775,33267592
2021/6/1,22940,33290532
2021/6/2,16917,33307449
2021/6/3,19080,33326529
2021/6/4,16850,33343379
2021/6/5,13906,33357285
2021/6/6,5395,33362680
2021/6/7,15496,33378176
2021/6/8,13013,33391189
2021/6/9,18647,33409836
2021/6/10,14545,33424381
2021/6/11,24699,33449080
2021/6/12,8228,33457308
2021/6/13,4777,33462085
2021/6/14,12730,33474815
2021/6/15,11305,33486120
2021/6/16,12425,33498545
2021/6/17,10393,33508938
2021/6/18,20591,33529529
2021/6/19,8520,33538049
2021/6/20,3892,33541941
2021/6/21,12334,33554275
2021/6/22,10940,33565215
2021/6/23,12436,33577651
2021/6/24,12830,33590481
2021/6/25,23715,33614196
2021/6/26,7303,33621499
2021/6/27,3920,33625419
2021/6/28,15083,33640502
2021/6/29,11350,33651852
2021/6/30,13118,33664970
2021/7/1,14463,33679433
2021/7/2,29892,33709325
2021/7/3,4739,33714064
2021/7/4,3697,33717761
2021/7/5,5528,33723289
2021/7/6,24224,33747513
2021/7/7,22931,33770444
2021/7/8,20061,33790505
2021/7/9,48241,33838746
2021/7/10,9038,33847784
2021/7/11,6164,33853948
2021/7/12,35013,33888961
2021/7/13,26424,33915385
2021/7/14,31845,33947230
2021/7/15,28412,33975642
2021/7/16,79310,34054952
2021/7/17,12960,34067912
2021/7/18,12048,34079960
2021/7/19,52111,34132071
2021/7/20,42703,34174774
2021/7/21,52032,34226806
2021/7/22,55058,34281864
