date,new_deaths,cumulative_deaths
2020/1/23,0,0
2020/1/24,0,0
2020/1/25,0,0
2020/1/26,0,0
2020/1/27,0,0
2020/1/28,0,0
2020/1/29,0,0
2020/1/30,0,0
2020/1/31,0,0
2020/2/1,0,0
2020/2/2,0,0
2020/2/3,0,0
2020/2/4,0,0
2020/2/5,0,0
2020/2/6,0,0
2020/2/7,0,0
2020/2/8,0,0
2020/2/9,0,0
2020/2/10,0,0
2020/2/11,0,0
2020/2/12,0,0
2020/2/13,0,0
2020/2/14,0,0
2020/2/15,0,0
2020/2/16,0,0
2020/2/17,0,0
2020/2/18,0,0
2020/2/19,0,0
2020/2/20,0,0
2020/2/21,0,0
2020/2/22,0,0
2020/2/23,0,0
2020/2/24,0,0
2020/2/25,0,0
2020/2/26,0,0
2020/2/27,0,0
2020/2/28,0,0
2020/2/29,1,1
2020/3/1,0,1
2020/3/2,5,6
2020/3/3,1,7
2020/3/4,4,11
2020/3/5,1,12
2020/3/6,2,14
2020/3/7,3,17
2020/3/8,4,21
2020/3/9,1,22
2020/3/10,6,28
2020/3/11,5,33
2020/3/12,10,43
2020/3/13,8,51
2020/3/14,7,58
2020/3/15,12,70
2020/3/16,27,97
2020/3/17,37,134
2020/3/18,60,194
2020/3/19,72,266
2020/3/20,106,372
2020/3/21,103,475
2020/3/22,128,603
2020/3/23,189,792
2020/3/24,241,1033
2020/3/25,336,1369
2020/3/26,416,1785
2020/3/27,526,2311
2020/3/28,674,2985
2020/3/29,592,3577
2020/3/30,711,4288
2020/3/31,1082,5370
2020/4/1,1285,6655
2020/4/2,1515,8170
2020/4/3,1430,9600
2020/4/4,1565,11165
2020/4/5,1618,12783
2020/4/6,1773,14556
2020/4/7,2572,17128
2020/4/8,2159,19287
2020/4/9,2213,21500
2020/4/10,2197,23697
2020/4/11,2124,25821
2020/4/12,1874,27695
2020/4/13,2011,29706
2020/4/14,2452,32158
2020/4/15,2608,34766
2020/4/16,2150,36916
2020/4/17,2113,39029
2020/4/18,1977,41006
2020/4/19,1979,42985
2020/4/20,2229,45214
2020/4/21,2512,47726
2020/4/22,2458,50184
2020/4/23,2457,52641
2020/4/24,2188,54829
2020/4/25,1716,56545
2020/4/26,1406,57951
2020/4/27,1520,59471
2020/4/28,2223,61694
2020/4/29,2411,64105
2020/4/30,2187,66292
2020/5/1,1914,68206
2020/5/2,1732,69938
2020/5/3,1197,71135
2020/5/4,1391,72526
2020/5/5,2216,74742
2020/5/6,2307,77049
2020/5/7,1924,78973
2020/5/8,1758,80731
2020/5/9,1463,82194
2020/5/10,987,83181
2020/5/11,1044,84225
2020/5/12,1599,85824
2020/5/13,1726,87550
2020/5/14,1780,89330
2020/5/15,1667,90997
2020/5/16,1200,92197
2020/5/17,825,93022
2020/5/18,1225,94247
2020/5/19,1459,95706
2020/5/20,1498,97204
2020/5/21,1185,98389
2020/5/22,1223,99612
2020/5/23,1085,100697
2020/5/24,640,101337
2020/5/25,597,101934
2020/5/26,678,102612
2020/5/27,1459,104071
2020/5/28,1092,105163
2020/5/29,1131,106294
2020/5/30,953,107247
2020/5/31,618,107865
2020/6/1,778,108643
2020/6/2,980,109623
2020/6/3,1007,110630
2020/6/4,1006,111636
2020/6/5,889,112525
2020/6/6,642,113167
2020/6/7,462,113629
2020/6/8,508,114137
2020/6/9,907,115044
2020/6/10,881,115925
2020/6/11,826,116751
2020/6/12,827,117578
2020/6/13,739,118317
2020/6/14,344,118661
2020/6/15,396,119057
2020/6/16,813,119870
2020/6/17,739,120609
2020/6/18,691,121300
2020/6/19,629,121929
2020/6/20,558,122487
2020/6/21,320,122807
2020/6/22,406,123213
2020/6/23,748,123961
2020/6/24,737,124698
2020/6/25,538,125236
2020/6/26,628,125864
2020/6/27,507,126371
2020/6/28,315,126686
2020/6/29,386,127072
2020/6/30,555,127627
2020/7/1,701,128328
2020/7/2,710,129038
2020/7/3,670,129708
2020/7/4,315,130023
2020/7/5,326,130349
2020/7/6,377,130726
2020/7/7,1159,131885
2020/7/8,822,132707
2020/7/9,1019,133726
2020/7/10,816,134542
2020/7/11,729,135271
2020/7/12,472,135743
2020/7/13,447,136190
2020/7/14,915,137105
2020/7/15,981,138086
2020/7/16,952,139038
2020/7/17,924,139962
2020/7/18,859,140821
2020/7/19,485,141306
2020/7/20,562,141868
2020/7/21,1085,142953
2020/7/22,1223,144176
2020/7/23,1068,145244
2020/7/24,1104,146348
2020/7/25,932,147280
2020/7/26,531,147811
2020/7/27,1127,148938
2020/7/28,1331,150269
2020/7/29,1408,151677
2020/7/30,1237,152914
2020/7/31,1237,154151
2020/8/1,1087,155238
2020/8/2,438,155676
2020/8/3,583,156259
2020/8/4,1284,157543
2020/8/5,1440,158983
2020/8/6,1237,160220
2020/8/7,1243,161463
2020/8/8,1070,162533
2020/8/9,522,163055
2020/8/10,634,163689
2020/8/11,1024,164713
2020/8/12,1504,166217
2020/8/13,1064,167281
2020/8/14,1337,168618
2020/8/15,1000,169618
2020/8/16,615,170233
2020/8/17,493,170726
2020/8/18,1227,171953
2020/8/19,1335,173288
2020/8/20,1104,174392
2020/8/21,1083,175475
2020/8/22,909,176384
2020/8/23,546,176930
2020/8/24,476,177406
2020/8/25,1223,178629
2020/8/26,1162,179791
2020/8/27,1113,180904
2020/8/28,975,181879
2020/8/29,916,182795
2020/8/30,441,183236
2020/8/31,542,183778
2020/9/1,1027,184805
2020/9/2,1073,185878
2020/9/3,1030,186908
2020/9/4,957,187865
2020/9/5,757,188622
2020/9/6,469,189091
2020/9/7,314,189405
2020/9/8,457,189862
2020/9/9,1158,191020
2020/9/10,922,191942
2020/9/11,1154,193096
2020/9/12,710,193806
2020/9/13,428,194234
2020/9/14,434,194668
2020/9/15,1199,195867
2020/9/16,957,196824
2020/9/17,857,197681
2020/9/18,889,198570
2020/9/19,730,199300
2020/9/20,267,199567
2020/9/21,424,199991
2020/9/22,1028,201019
2020/9/23,1062,202081
2020/9/24,898,202979
2020/9/25,941,203920
2020/9/26,769,204689
2020/9/27,315,205004
2020/9/28,356,205360
2020/9/29,863,206223
2020/9/30,954,207177
2020/10/1,869,208046
2020/10/2,855,208901
2020/10/3,683,209584
2020/10/4,374,209958
2020/10/5,483,210441
2020/10/6,685,211126
2020/10/7,917,212043
2020/10/8,991,213034
2020/10/9,971,214005
2020/10/10,659,214664
2020/10/11,471,215135
2020/10/12,399,215534
2020/10/13,800,216334
2020/10/14,987,217321
2020/10/15,838,218159
2020/10/16,944,219103
2020/10/17,765,219868
2020/10/18,490,220358
2020/10/19,483,220841
2020/10/20,925,221766
2020/10/21,1122,222888
2020/10/22,893,223781
2020/10/23,963,224744
2020/10/24,953,225697
2020/10/25,461,226158
2020/10/26,533,226691
2020/10/27,972,227663
2020/10/28,1032,228695
2020/10/29,1004,229699
2020/10/30,1058,230757
2020/10/31,925,231682
2020/11/1,506,232188
2020/11/2,572,232760
2020/11/3,1578,234338
2020/11/4,1107,235445
2020/11/5,1165,236610
2020/11/6,1225,237835
2020/11/7,1089,238924
2020/11/8,573,239497
2020/11/9,775,240272
2020/11/10,1416,241688
2020/11/11,1434,243122
2020/11/12,1209,244331
2020/11/13,1199,245530
2020/11/14,1347,246877
2020/11/15,780,247657
2020/11/16,834,248491
2020/11/17,1717,250208
2020/11/18,1915,252123
2020/11/19,2054,254177
2020/11/20,1959,256136
2020/11/21,1623,257759
2020/11/22,1037,258796
2020/11/23,1099,259895
2020/11/24,2131,262026
2020/11/25,2260,264286
2020/11/26,1386,265672
2020/11/27,1554,267226
2020/11/28,1365,268591
2020/11/29,1041,269632
2020/11/30,1348,270980
2020/12/1,2546,273526
2020/12/2,2817,276343
2020/12/3,2942,279285
2020/12/4,2696,281981
2020/12/5,2364,284345
2020/12/6,1360,285705
2020/12/7,1603,287308
2020/12/8,2622,289930
2020/12/9,3179,293109
2020/12/10,2994,296103
2020/12/11,3406,299509
2020/12/12,2474,301983
2020/12/13,1635,303618
2020/12/14,1656,305274
2020/12/15,3091,308365
2020/12/16,3680,312045
2020/12/17,3499,315544
2020/12/18,2969,318513
2020/12/19,2673,321186
2020/12/20,1730,322916
2020/12/21,1904,324820
2020/12/22,3396,328216
2020/12/23,3425,331641
2020/12/24,2899,334540
2020/12/25,1455,335995
2020/12/26,1889,337884
2020/12/27,1437,339321
2020/12/28,2008,341329
2020/12/29,3615,344944
2020/12/30,3792,348736
2020/12/31,3430,352166
2021/1/1,2133,354299
2021/1/2,2555,356854
2021/1/3,1453,358307
2021/1/4,2100,360407
2021/1/5,3688,364095
2021/1/6,3895,367990
2021/1/7,4006,371996
2021/1/8,4097,376093
2021/1/9,3304,379397
2021/1/10,2017,381414
2021/1/11,2101,383515
2021/1/12,4461,387976
2021/1/13,3995,391971
2021/1/14,3970,395941
2021/1/15,3909,399850
2021/1/16,3416,403266
2021/1/17,1900,405166
2021/1/18,1558,406724
2021/1/19,2708,409432
2021/1/20,4416,413848
2021/1/21,4186,418034
2021/1/22,3823,421857
2021/1/23,3370,425227
2021/1/24,1862,427089
2021/1/25,1980,429069
2021/1/26,4023,433092
2021/1/27,3944,437036
2021/1/28,4012,441048
2021/1/29,3643,444691
2021/1/30,2794,447485
2021/1/31,1862,449347
2021/2/1,2079,451426
2021/2/2,3426,454852
2021/2/3,3882,458734
2021/2/4,3746,462480
2021/2/5,3665,466145
2021/2/6,2683,468828
2021/2/7,1436,470264
2021/2/8,1620,471884
2021/2/9,3049,474933
2021/2/10,3304,478237
2021/2/11,3216,481453
2021/2/12,2927,484380
2021/2/13,2196,486576
2021/2/14,1171,487747
2021/2/15,963,488710
2021/2/16,1753,490463
2021/2/17,2397,492860
2021/2/18,2516,495376
2021/2/19,2624,498000
2021/2/20,1835,499835
2021/2/21,1236,501071
2021/2/22,1319,502390
2021/2/23,2277,504667
2021/2/24,3182,507849
2021/2/25,2436,510285
2021/2/26,2078,512363
2021/2/27,1521,513884
2021/2/28,1092,514976
2021/3/1,1517,516493
2021/3/2,1943,518436
2021/3/3,2481,520917
2021/3/4,1922,522839
2021/3/5,1803,524642
2021/3/6,1510,526152
2021/3/7,702,526854
2021/3/8,737,527591
2021/3/9,1806,529397
2021/3/10,1570,530967
2021/3/11,1558,532525
2021/3/12,1544,534069
2021/3/13,1030,535099
2021/3/14,584,535683
2021/3/15,748,536431
2021/3/16,1180,537611
2021/3/17,1226,538837
2021/3/18,1646,540483
2021/3/19,1127,541610
2021/3/20,739,542349
2021/3/21,488,542837
2021/3/22,721,543558
2021/3/23,875,544433
2021/3/24,1510,545943
2021/3/25,1401,547344
2021/3/26,1151,548495
2021/3/27,795,549290
2021/3/28,525,549815
2021/3/29,707,550522
2021/3/30,884,551406
2021/3/31,1076,552482
2021/4/1,1077,553559
2021/4/2,954,554513
2021/4/3,750,555263
2021/4/4,297,555560
2021/4/5,506,556066
2021/4/6,860,556926
2021/4/7,2593,559519
2021/4/8,1027,560546
2021/4/9,891,561437
2021/4/10,712,562149
2021/4/11,305,562454
2021/4/12,475,562929
2021/4/13,833,563762
2021/4/14,954,564716
2021/4/15,904,565620
2021/4/16,878,566498
2021/4/17,700,567198
2021/4/18,337,567535
2021/4/19,500,568035
2021/4/20,842,568877
2021/4/21,860,569737
2021/4/22,969,570706
2021/4/23,777,571483
2021/4/24,751,572234
2021/4/25,293,572527
2021/4/26,490,573017
2021/4/27,654,573671
2021/4/28,968,574639
2021/4/29,877,575516
2021/4/30,749,576265
2021/5/1,715,576980
2021/5/2,337,577317
2021/5/3,503,577820
2021/5/4,874,578694
2021/5/5,795,579489
2021/5/6,798,580287
2021/5/7,759,581046
2021/5/8,630,581676
2021/5/9,249,581925
2021/5/10,413,582338
2021/5/11,687,583025
2021/5/12,768,583793
2021/5/13,766,584559
2021/5/14,657,585216
2021/5/15,499,585715
2021/5/16,277,585992
2021/5/17,398,586390
2021/5/18,771,587161
2021/5/19,676,587837
2021/5/20,677,588514
2021/5/21,615,589129
2021/5/22,497,589626
2021/5/23,197,589823
2021/5/24,446,590269
2021/5/25,634,590903
2021/5/26,979,591882
2021/5/27,1362,593244
2021/5/28,561,593805
2021/5/29,332,594137
2021/5/30,135,594272
2021/5/31,153,594425
2021/6/1,651,595076
2021/6/2,559,595635
2021/6/3,619,596254
2021/6/4,530,596784
2021/6/5,382,597166
2021/6/6,172,597338
2021/6/7,317,597655
2021/6/8,343,597998
2021/6/9,451,598449
2021/6/10,433,598882
2021/6/11,651,599533
2021/6/12,294,599827
2021/6/13,114,599941
2021/6/14,180,600121
2021/6/15,320,600441
2021/6/16,377,600818
2021/6/17,286,601104
2021/6/18,600,601704
2021/6/19,173,601877
2021/6/20,89,601966
2021/6/21,274,602240
2021/6/22,325,602565
2021/6/23,378,602943
2021/6/24,344,603287
2021/6/25,497,603784
2021/6/26,148,603932
2021/6/27,75,604007
2021/6/28,152,604159
2021/6/29,317,604476
2021/6/30,247,604723
2021/7/1,305,605028
2021/7/2,471,605499
2021/7/3,80,605579
2021/7/4,34,605613
2021/7/5,48,605661
2021/7/6,335,605996
2021/7/7,292,606288
2021/7/8,257,606545
2021/7/9,504,607049
2021/7/10,139,607188
2021/7/11,25,607213
2021/7/12,243,607456
2021/7/13,354,607810
2021/7/14,331,608141
2021/7/15,283,608424
2021/7/16,391,608815
2021/7/17,69,608884
2021/7/18,135,609019
2021/7/19,212,609231
2021/7/20,298,609529
2021/7/21,333,609862
2021/7/22,315,610177
2021/7/23,543,610720
