date,new_deaths,cumulative_deaths
2020/3/1,1,1
2020/3/2,0,1
2020/3/3,0,1
2020/3/4,1,2
2020/3/5,0,2
2020/3/6,0,2
2020/3/7,0,2
2020/3/8,1,3
2020/3/9,0,3
2020/3/10,0,3
2020/3/11,0,3
2020/3/12,0,3
2020/3/13,0,3
2020/3/14,0,3
2020/3/15,0,3
2020/3/16,0,3
2020/3/17,2,5
2020/3/18,1,6
2020/3/19,0,6
2020/3/20,1,7
2020/3/21,0,7
2020/3/22,0,7
2020/3/23,0,7
2020/3/24,1,8
2020/3/25,0,8
2020/3/26,5,13
2020/3/27,0,13
2020/3/28,1,14
2020/3/29,2,16
2020/3/30,1,17
2020/3/31,1,18
2020/4/1,2,20
2020/4/2,4,24
2020/4/3,4,28
2020/4/4,2,30
2020/4/5,5,35
2020/4/6,5,40
2020/4/7,5,45
2020/4/8,5,50
2020/4/9,1,51
2020/4/10,3,54
2020/4/11,3,57
2020/4/12,3,60
2020/4/13,1,61
2020/4/14,1,62
2020/4/15,1,63
2020/4/16,0,63
2020/4/17,3,66
2020/4/18,1,67
2020/4/19,0,67
2020/4/20,0,67
2020/4/21,0,67
2020/4/22,0,67
2020/4/23,8,75
2020/4/24,4,79
2020/4/25,1,80
2020/4/26,3,83
2020/4/27,0,83
2020/4/28,6,89
2020/4/29,2,91
2020/4/30,2,93
2020/5/1,0,93
2020/5/2,1,94
2020/5/3,1,95
2020/5/4,1,96
2020/5/5,1,97
2020/5/6,0,97
2020/5/7,0,97
2020/5/8,0,97
2020/5/9,0,97
2020/5/10,0,97
2020/5/11,0,97
2020/5/12,1,98
2020/5/13,0,98
2020/5/14,0,98
2020/5/15,0,98
2020/5/16,0,98
2020/5/17,1,99
2020/5/18,0,99
2020/5/19,1,100
2020/5/20,0,100
2020/5/21,1,101
2020/5/22,0,101
2020/5/23,1,102
2020/5/24,0,102
2020/5/25,0,102
2020/5/26,1,103
2020/5/27,0,103
2020/5/28,0,103
2020/5/29,0,103
2020/5/30,0,103
2020/5/31,0,103
2020/6/1,-1,102
2020/6/2,0,102
2020/6/3,0,102
2020/6/4,0,102
2020/6/5,0,102
2020/6/6,0,102
2020/6/7,0,102
2020/6/8,0,102
2020/6/9,0,102
2020/6/10,0,102
2020/6/11,0,102
2020/6/12,0,102
2020/6/13,0,102
2020/6/14,0,102
2020/6/15,0,102
2020/6/16,0,102
2020/6/17,0,102
2020/6/18,0,102
2020/6/19,0,102
2020/6/20,0,102
2020/6/21,0,102
2020/6/22,0,102
2020/6/23,1,103
2020/6/24,1,104
2020/6/25,0,104
2020/6/26,0,104
2020/6/27,0,104
2020/6/28,0,104
2020/6/29,0,104
2020/6/30,0,104
2020/7/1,0,104
2020/7/2,0,104
2020/7/3,0,104
2020/7/4,0,104
2020/7/5,2,106
2020/7/6,0,106
2020/7/7,0,106
2020/7/8,0,106
2020/7/9,0,106
2020/7/10,1,107
2020/7/11,1,108
2020/7/12,0,108
2020/7/13,0,108
2020/7/14,3,111
2020/7/15,2,113
2020/7/16,3,116
2020/7/17,2,118
2020/7/18,4,122
2020/7/19,1,123
2020/7/20,3,126
2020/7/21,2,128
2020/7/22,5,133
2020/7/23,6,139
2020/7/24,6,145
2020/7/25,10,155
2020/7/26,6,161
2020/7/27,6,167
2020/7/28,9,176
2020/7/29,13,189
2020/7/30,7,196
2020/7/31,5,201
2020/8/1,7,208
2020/8/2,13,221
2020/8/3,11,232
2020/8/4,15,247
2020/8/5,8,255
2020/8/6,11,266
2020/8/7,12,278
2020/8/8,17,295
2020/8/9,18,313
2020/8/10,18,331
2020/8/11,21,352
2020/8/12,9,361
2020/8/13,14,375
2020/8/14,4,379
2020/8/15,17,396
2020/8/16,25,421
2020/8/17,17,438
2020/8/18,12,450
2020/8/19,13,463
2020/8/20,9,472
2020/8/21,13,485
2020/8/22,17,502
2020/8/23,15,517
2020/8/24,8,525
2020/8/25,24,549
2020/8/26,23,572
2020/8/27,11,583
2020/8/28,17,600
2020/8/29,11,611
2020/8/30,41,652
2020/8/31,5,657
2020/9/1,6,663
2020/9/2,15,678
2020/9/3,59,737
2020/9/4,11,748
2020/9/5,5,753
2020/9/6,9,762
2020/9/7,8,770
2020/9/8,11,781
2020/9/9,7,788
2020/9/10,9,797
2020/9/11,6,803
2020/9/12,7,810
2020/9/13,6,816
2020/9/14,0,816
2020/9/15,8,824
2020/9/16,8,832
2020/9/17,5,837
2020/9/18,7,844
2020/9/19,5,849
2020/9/20,2,851
2020/9/21,3,854
2020/9/22,5,859
2020/9/23,2,861
2020/9/24,8,869
2020/9/25,1,870
2020/9/26,2,872
2020/9/27,3,875
2020/9/28,7,882
2020/9/29,4,886
2020/9/30,2,888
2020/10/1,2,890
2020/10/2,3,893
2020/10/3,1,894
2020/10/4,0,894
2020/10/5,1,895
2020/10/6,2,897
2020/10/7,0,897
2020/10/8,0,897
2020/10/9,0,897
2020/10/10,1,898
2020/10/11,0,898
2020/10/12,1,899
2020/10/13,5,904
2020/10/14,0,904
2020/10/15,0,904
2020/10/16,0,904
2020/10/17,0,904
2020/10/18,1,905
2020/10/19,0,905
2020/10/20,0,905
2020/10/21,0,905
2020/10/22,0,905
2020/10/23,0,905
2020/10/24,0,905
2020/10/25,0,905
2020/10/26,0,905
2020/10/27,2,907
2020/10/28,0,907
2020/10/29,0,907
2020/10/30,0,907
2020/10/31,0,907
2020/11/1,0,907
2020/11/2,0,907
2020/11/3,0,907
2020/11/4,0,907
2020/11/5,0,907
2020/11/6,0,907
2020/11/7,0,907
2020/11/8,0,907
2020/11/9,0,907
2020/11/10,0,907
2020/11/11,0,907
2020/11/12,0,907
2020/11/13,0,907
2020/11/14,0,907
2020/11/15,0,907
2020/11/16,0,907
2020/11/17,0,907
2020/11/18,0,907
2020/11/19,0,907
2020/11/20,0,907
2020/11/21,0,907
2020/11/22,0,907
2020/11/23,0,907
2020/11/24,0,907
2020/11/25,0,907
2020/11/26,0,907
2020/11/27,0,907
2020/11/28,0,907
2020/11/29,1,908
2020/11/30,0,908
2020/12/1,0,908
2020/12/2,0,908
2020/12/3,0,908
2020/12/4,0,908
2020/12/5,0,908
2020/12/6,0,908
2020/12/7,0,908
2020/12/8,0,908
2020/12/9,0,908
2020/12/10,0,908
2020/12/11,0,908
2020/12/12,0,908
2020/12/13,0,908
2020/12/14,0,908
2020/12/15,0,908
2020/12/16,0,908
2020/12/17,0,908
2020/12/18,0,908
2020/12/19,0,908
2020/12/20,0,908
2020/12/21,0,908
2020/12/22,0,908
2020/12/23,0,908
2020/12/24,0,908
2020/12/25,0,908
2020/12/26,0,908
2020/12/27,1,909
2020/12/28,0,909
2020/12/29,0,909
2020/12/30,0,909
2020/12/31,0,909
2021/1/1,0,909
2021/1/2,0,909
2021/1/3,0,909
2021/1/4,0,909
2021/1/5,0,909
2021/1/6,0,909
2021/1/7,0,909
2021/1/8,0,909
2021/1/9,0,909
2021/1/10,0,909
2021/1/11,0,909
2021/1/12,0,909
2021/1/13,0,909
2021/1/14,0,909
2021/1/15,0,909
2021/1/16,0,909
2021/1/17,0,909
2021/1/18,0,909
2021/1/19,0,909
2021/1/20,0,909
2021/1/21,0,909
2021/1/22,0,909
2021/1/23,0,909
2021/1/24,0,909
2021/1/25,0,909
2021/1/26,0,909
2021/1/27,0,909
2021/1/28,0,909
2021/1/29,0,909
2021/1/30,0,909
2021/1/31,0,909
2021/2/1,0,909
2021/2/2,0,909
2021/2/3,0,909
2021/2/4,0,909
2021/2/5,0,909
2021/2/6,0,909
2021/2/7,0,909
2021/2/8,0,909
2021/2/9,0,909
2021/2/10,0,909
2021/2/11,0,909
2021/2/12,0,909
2021/2/13,0,909
2021/2/14,0,909
2021/2/15,0,909
2021/2/16,0,909
2021/2/17,0,909
2021/2/18,0,909
2021/2/19,0,909
2021/2/20,0,909
2021/2/21,0,909
2021/2/22,0,909
2021/2/23,0,909
2021/2/24,0,909
2021/2/25,0,909
2021/2/26,0,909
2021/2/27,0,909
2021/2/28,0,909
2021/3/1,0,909
2021/3/2,0,909
2021/3/3,0,909
2021/3/4,0,909
2021/3/5,0,909
2021/3/6,0,909
2021/3/7,0,909
2021/3/8,0,909
2021/3/9,0,909
2021/3/10,0,909
2021/3/11,0,909
2021/3/12,0,909
2021/3/13,0,909
2021/3/14,0,909
2021/3/15,0,909
2021/3/16,0,909
2021/3/17,0,909
2021/3/18,0,909
2021/3/19,0,909
2021/3/20,0,909
2021/3/21,0,909
2021/3/22,0,909
2021/3/23,0,909
2021/3/24,0,909
2021/3/25,0,909
2021/3/26,0,909
2021/3/27,0,909
2021/3/28,0,909
2021/3/29,0,909
2021/3/30,0,909
2021/3/31,0,909
2021/4/1,0,909
2021/4/2,0,909
2021/4/3,0,909
2021/4/4,0,909
2021/4/5,0,909
2021/4/6,0,909
2021/4/7,0,909
2021/4/8,0,909
2021/4/9,0,909
2021/4/10,0,909
2021/4/11,0,909
2021/4/12,1,910
2021/4/13,0,910
2021/4/14,0,910
2021/4/15,0,910
2021/4/16,0,910
2021/4/17,0,910
2021/4/18,0,910
2021/4/19,0,910
2021/4/20,0,910
2021/4/21,0,910
2021/4/22,0,910
2021/4/23,0,910
2021/4/24,0,910
2021/4/25,0,910
2021/4/26,0,910
2021/4/27,0,910
2021/4/28,0,910
2021/4/29,0,910
2021/4/30,0,910
2021/5/1,0,910
2021/5/2,0,910
2021/5/3,0,910
2021/5/4,0,910
2021/5/5,0,910
2021/5/6,0,910
2021/5/7,0,910
2021/5/8,0,910
2021/5/9,0,910
2021/5/10,0,910
2021/5/11,0,910
2021/5/12,0,910
2021/5/13,0,910
2021/5/14,0,910
2021/5/15,0,910
2021/5/16,0,910
2021/5/17,0,910
2021/5/18,0,910
2021/5/19,0,910
2021/5/20,0,910
2021/5/21,0,910
2021/5/22,0,910
2021/5/23,0,910
2021/5/24,0,910
2021/5/25,0,910
2021/5/26,0,910
2021/5/27,0,910
2021/5/28,0,910
2021/5/29,0,910
2021/5/30,0,910
2021/5/31,0,910
2021/6/1,0,910
2021/6/2,0,910
2021/6/3,0,910
2021/6/4,0,910
2021/6/5,0,910
2021/6/6,0,910
2021/6/7,0,910
2021/6/8,0,910
2021/6/9,0,910
2021/6/10,0,910
2021/6/11,0,910
2021/6/12,0,910
2021/6/13,0,910
2021/6/14,0,910
2021/6/15,0,910
2021/6/16,0,910
2021/6/17,0,910
2021/6/18,0,910
2021/6/19,0,910
2021/6/20,0,910
2021/6/21,0,910
2021/6/22,0,910
2021/6/23,0,910
2021/6/24,0,910
2021/6/25,0,910
2021/6/26,0,910
2021/6/27,0,910
2021/6/28,0,910
2021/6/29,0,910
2021/6/30,0,910
2021/7/1,0,910
2021/7/2,0,910
2021/7/3,0,910
2021/7/4,0,910
2021/7/5,0,910
2021/7/6,0,910
2021/7/7,0,910
2021/7/8,0,910
2021/7/9,0,910
2021/7/10,1,911
2021/7/11,0,911
2021/7/12,1,912
2021/7/13,0,912
2021/7/14,0,912
2021/7/15,0,912
2021/7/16,1,913
2021/7/17,1,914
2021/7/18,0,914
2021/7/19,1,915
2021/7/20,0,915
2021/7/21,0,915
2021/7/22,1,916
2021/7/23,0,916
2021/7/24,2,918
