date,recovered_cases,cumulative_recovered
2020/1/22,0,0
2020/1/23,0,0
2020/1/24,0,0
2020/1/25,0,0
2020/1/26,0,0
2020/1/27,0,0
2020/1/28,0,0
2020/1/29,0,0
2020/1/30,0,0
2020/1/31,0,0
2020/2/1,0,0
2020/2/2,0,0
2020/2/3,0,0
2020/2/4,0,0
2020/2/5,0,0
2020/2/6,0,0
2020/2/7,0,0
2020/2/8,0,0
2020/2/9,0,0
2020/2/10,0,0
2020/2/11,0,0
2020/2/12,0,0
2020/2/13,0,0
2020/2/14,0,0
2020/2/15,0,0
2020/2/16,0,0
2020/2/17,0,0
2020/2/18,0,0
2020/2/19,0,0
2020/2/20,0,0
2020/2/21,0,0
2020/2/22,0,0
2020/2/23,0,0
2020/2/24,0,0
2020/2/25,0,0
2020/2/26,0,0
2020/2/27,0,0
2020/2/28,0,0
2020/2/29,0,0
2020/3/1,0,0
2020/3/2,0,0
2020/3/3,0,0
2020/3/4,0,0
2020/3/5,0,0
2020/3/6,0,0
2020/3/7,0,0
2020/3/8,0,0
2020/3/9,0,0
2020/3/10,0,0
2020/3/11,0,0
2020/3/12,0,0
2020/3/13,0,0
2020/3/14,0,0
2020/3/15,0,0
2020/3/16,1,1
2020/3/17,1,2
2020/3/18,0,2
2020/3/19,0,2
2020/3/20,0,2
2020/3/21,0,2
2020/3/22,0,2
2020/3/23,0,2
2020/3/24,0,2
2020/3/25,0,2
2020/3/26,4,6
2020/3/27,0,6
2020/3/28,0,6
2020/3/29,0,6
2020/3/30,114,120
2020/3/31,7,127
2020/4/1,0,127
2020/4/2,0,127
2020/4/3,0,127
2020/4/4,0,127
2020/4/5,0,127
2020/4/6,0,127
2020/4/7,0,127
2020/4/8,0,127
2020/4/9,46,173
2020/4/10,0,173
2020/4/11,0,173
2020/4/12,0,173
2020/4/13,0,173
2020/4/14,2873,3046
2020/4/15,10980,14026
2020/4/16,0,14026
2020/4/17,0,14026
2020/4/18,0,14026
2020/4/19,8104,22130
2020/4/20,0,22130
2020/4/21,861,22991
2020/4/22,2327,25318
2020/4/23,1255,26573
2020/4/24,1082,27655
2020/4/25,1505,29160
2020/4/26,992,30152
2020/4/27,990,31142
2020/4/28,1402,32544
2020/4/29,1588,34132
2020/4/30,1803,35935
2020/5/1,2104,38039
2020/5/2,2898,40937
2020/5/3,2054,42991
2020/5/4,2824,45815
2020/5/5,2406,48221
2020/5/6,3149,51370
2020/5/7,3980,55350
2020/5/8,3947,59297
2020/5/9,2388,61685
2020/5/10,3272,64957
2020/5/11,2427,67384
2020/5/12,5213,72597
2020/5/13,5827,78424
2020/5/14,1055,79479
2020/5/15,5491,84970
2020/5/16,4702,89672
2020/5/17,4450,94122
2020/5/18,6337,100459
2020/5/19,6335,106794
2020/5/20,9889,116683
2020/5/21,9277,125960
2020/5/22,9470,135430
2020/5/23,7157,142587
2020/5/24,7324,149911
2020/5/25,3922,153833
2020/5/26,4760,158593
2020/5/27,8054,166647
2020/5/28,10957,177604
2020/5/29,11872,189476
2020/5/30,11416,200892
2020/5/31,5663,206555
2020/6/1,4525,211080
2020/6/2,12558,223638
2020/6/3,14979,238617
2020/6/4,16346,254963
2020/6/5,11977,266940
2020/6/6,10209,277149
2020/6/7,6803,283952
2020/6/8,94305,378257
2020/6/9,18480,396737
2020/6/10,17179,413916
2020/6/11,16049,429965
2020/6/12,15158,445123
2020/6/13,14313,459436
2020/6/14,9705,469141
2020/6/15,8568,477709
2020/6/16,12296,490005
2020/6/17,31041,521046
2020/6/18,13534,534580
2020/6/19,17051,551631
2020/6/20,25148,576779
2020/6/21,11339,588118
2020/6/22,13618,601736
2020/6/23,26227,627963
2020/6/24,32506,660469
2020/6/25,19055,679524
2020/6/26,22875,702399
2020/6/27,25316,727715
2020/6/28,18303,746018
2020/6/29,11793,757811
2020/6/30,30507,788318
2020/7/1,29324,817642
2020/7/2,140050,957692
2020/7/3,26923,984615
2020/7/4,6116,990731
2020/7/5,38314,1029045
2020/7/6,33497,1062542
2020/7/7,44470,1107012
2020/7/8,32832,1139844
2020/7/9,31603,1171447
2020/7/10,45914,1217361
2020/7/11,26727,1244088
2020/7/12,20755,1264843
2020/7/13,26408,1291251
2020/7/14,32174,1323425
2020/7/15,26673,1350098
2020/7/16,47433,1397531
2020/7/17,30989,1428520
2020/7/18,18888,1447408
2020/7/19,11664,1459072
2020/7/20,55228,1514300
2020/7/21,41039,1555339
2020/7/22,36636,1591975
2020/7/23,28338,1620313
2020/7/24,72901,1693214
2020/7/25,92145,1785359
2020/7/26,27554,1812913
2020/7/27,33728,1846641
2020/7/28,22108,1868749
2020/7/29,54053,1922802
2020/7/30,34005,1956807
2020/7/31,52047,2008854
2020/8/1,29128,2037982
2020/8/2,24894,2062876
2020/8/3,36100,2098976
2020/8/4,58508,2157484
2020/8/5,32877,2190361
2020/8/6,40181,2230542
2020/8/7,41757,2272299
2020/8/8,49238,2321537
2020/8/9,35446,2356983
2020/8/10,33847,2390830
2020/8/11,58508,2449338
2020/8/12,56890,2506228
2020/8/13,14872,2521100
2020/8/14,95881,2616981
2020/8/15,5897,2622878
2020/8/16,32139,2655017
2020/8/17,44063,2699080
2020/8/18,52166,2751246
2020/8/19,50685,2801931
2020/8/20,42387,2844318
2020/8/21,11240,2855558
2020/8/22,58408,2913966
2020/8/23,33818,2947784
2020/8/24,28472,2976256
2020/8/25,56295,3032551
2020/8/26,49896,3082447
2020/8/27,40399,3122846
2020/8/28,35937,3158783
2020/8/29,43402,3202185
2020/8/30,35430,3237615
2020/8/31,30976,3268591
2020/9/1,76649,3345240
2020/9/2,42069,3387309
2020/9/3,42126,3429435
2020/9/4,34843,3464278
2020/9/5,34721,3498999
2020/9/6,23156,3522155
2020/9/7,27046,3549201
2020/9/8,23220,3572421
2020/9/9,39211,3611632
2020/9/10,46069,3657701
2020/9/11,37457,3695158
2020/9/12,28048,3723206
2020/9/13,0,3723206
2020/9/14,46932,3770138
2020/9/15,41367,3811505
2020/9/16,33959,3845464
2020/9/17,28470,3873934
2020/9/18,23605,3897539
2020/9/19,39354,3936893
2020/9/20,26553,3963446
2020/9/21,29986,3993432
2020/9/22,23399,4016831
2020/9/23,29996,4046827
2020/9/24,56127,4102954
2020/9/25,25536,4128490
2020/9/26,24817,4153307
2020/9/27,19404,4172711
2020/9/28,24661,4197372
2020/9/29,39780,4237152
2020/9/30,37622,4274774
2020/10/1,24885,4299659
2020/10/2,0,4299659
2020/10/3,61449,4361108
2020/10/4,14246,4375354
2020/10/5,22528,4397882
2020/10/6,32458,4430340
2020/10/7,26832,4457172
2020/10/8,30920,4488092
2020/10/9,14762,4502854
2020/10/10,0,4502854
2020/10/11,23539,4526393
2020/10/12,0,4526393
2020/10/13,0,4526393
2020/10/14,0,4526393
2020/10/15,0,4526393
2020/10/16,0,4526393
2020/10/17,0,4526393
2020/10/18,0,4526393
2020/10/19,0,4526393
2020/10/20,0,4526393
2020/10/21,0,4526393
2020/10/22,0,4526393
2020/10/23,0,4526393
2020/10/24,0,4526393
2020/10/25,0,4526393
2020/10/26,0,4526393
2020/10/27,388340,4914733
2020/10/28,33044,4947777
2020/10/29,14797,4962574
2020/10/30,24861,4987435
2020/10/31,17726,5005161
2020/11/1,17177,5022338
2020/11/2,17100,5039438
2020/11/3,21259,5060697
2020/11/4,17465,5078162
2020/11/5,0,5078162
2020/11/6,39994,5118156
2020/11/7,20485,5138641
2020/11/8,8531,5147172
2020/11/9,16054,5163226
2020/11/10,20744,5183970
2020/11/11,38967,5222937
2020/11/12,31520,5254457
2020/11/13,20355,5274812
2020/11/14,4640,5279452
2020/11/15,0,5279452
2020/11/16,56046,5335498
2020/11/17,22801,5358299
2020/11/18,25086,5383385
2020/11/19,22681,5406066
2020/11/20,24830,5430896
2020/11/21,6293,5437189
2020/11/22,20784,5457973
2020/11/23,23211,5481184
2020/11/24,28461,5509645
2020/11/25,24365,5534010
2020/11/26,22877,5556887
2020/11/27,24549,5581436
2020/11/28,0,5581436
2020/11/29,0,5581436
2020/11/30,16366,5597802
2020/12/1,114503,5712305
2020/12/2,46989,5759294
2020/12/3,33245,5792539
2020/12/4,33206,5825745
2020/12/5,39093,5864838
2020/12/6,1819,5866657
2020/12/7,30869,5897526
2020/12/8,67966,5965492
2020/12/9,626,5966118
2020/12/10,77101,6043219
2020/12/11,35068,6078287
2020/12/12,0,6078287
2020/12/13,60062,6138349
2020/12/14,19700,6158049
2020/12/15,48434,6206483
2020/12/16,32709,6239192
2020/12/17,62355,6301547
2020/12/18,21408,6322955
2020/12/19,65983,6388938
2020/12/20,19579,6408517
2020/12/21,60793,6469310
2020/12/22,32031,6501341
2020/12/23,11376,6512717
2020/12/24,0,6512717
2020/12/25,0,6512717
2020/12/26,141472,6654189
2020/12/27,23046,6677235
2020/12/28,35522,6712757
2020/12/29,41354,6754111
2020/12/30,59981,6814092
2020/12/31,34752,6848844
2021/1/1,6528,6855372
2021/1/2,37884,6893256
2021/1/3,10916,6904172
2021/1/4,45873,6950045
2021/1/5,44800,6994845
2021/1/6,38441,7033286
2021/1/7,48235,7081521
2021/1/8,55296,7136817
2021/1/9,68593,7205410
2021/1/10,25926,7231336
2021/1/11,41901,7273237
2021/1/12,11708,7284945
2021/1/13,62135,7347080
2021/1/14,47659,7394739
2021/1/15,43336,7438075
2021/1/16,47748,7485823
2021/1/17,23186,7509009
2021/1/18,51451,7560460
2021/1/19,57620,7618080
2021/1/20,0,7618080
2021/1/21,55012,7673092
2021/1/22,73818,7746910
2021/1/23,29018,7775928
2021/1/24,45448,7821376
2021/1/25,43593,7864969
2021/1/26,31321,7896290
2021/1/27,67886,7964176
2021/1/28,15337,7979513
2021/1/29,87090,8066603
2021/1/30,82068,8148671
2021/1/31,27702,8176373
2021/2/1,25981,8202354
2021/2/2,55720,8258074
2021/2/3,53807,8311881
2021/2/4,54316,8366197
2021/2/5,29951,8396148
2021/2/6,32844,8428992
2021/2/7,38990,8467982
2021/2/8,10836,8478818
2021/2/9,98389,8577207
2021/2/10,39075,8616282
2021/2/11,20768,8637050
2021/2/12,54614,8691664
2021/2/13,48781,8740445
2021/2/14,24603,8765048
2021/2/15,56839,8821887
2021/2/16,25377,8847264
2021/2/17,86138,8933402
2021/2/18,27353,8960755
2021/2/19,27863,8988618
2021/2/20,81887,9070505
2021/2/21,25187,9095692
2021/2/22,12513,9108205
2021/2/23,81698,9189903
2021/2/24,24434,9214337
2021/2/25,50359,9264696
2021/2/26,44872,9309568
2021/2/27,61880,9371448
2021/2/28,10868,9382316
2021/3/1,55295,9437611
2021/3/2,68640,9506251
2021/3/3,42064,9548315
2021/3/4,57555,9605870
2021/3/5,41680,9647550
2021/3/6,38474,9686024
2021/3/7,53440,9739464
2021/3/8,86828,9826292
2021/3/9,52274,9878566
2021/3/10,43428,9921994
2021/3/11,61662,9983656
2021/3/12,57368,10041024
2021/3/13,43796,10084820
2021/3/14,28667,10113487
2021/3/15,82111,10195598
2021/3/16,65556,10261154
2021/3/17,65221,10326375
2021/3/18,57121,10383496
2021/3/19,52368,10435864
2021/3/20,40259,10476123
2021/3/21,33334,10509457
2021/3/22,102138,10611595
2021/3/23,53566,10665161
2021/3/24,84970,10750131
2021/3/25,58368,10808499
2021/3/26,78293,10886792
2021/3/27,61590,10948382
2021/3/28,55899,11004281
2021/3/29,17911,11022192
2021/3/30,63177,11085369
2021/3/31,96002,11181371
2021/4/1,58842,11240213
2021/4/2,37419,11277632
2021/4/3,49878,11327510
2021/4/4,16097,11343607
2021/4/5,61951,11405558
2021/4/6,53990,11459548
2021/4/7,132611,11592159
2021/4/8,76575,11668734
2021/4/9,53447,11722181
2021/4/10,17468,11739649
2021/4/11,139309,11878958
2021/4/12,13271,11892229
2021/4/13,82892,11975121
2021/4/14,58759,12033880
2021/4/15,50971,12084851
2021/4/16,78980,12163831
2021/4/17,49059,12212890
2021/4/18,90648,12303538
2021/4/19,43290,12346828
2021/4/20,78963,12425791
2021/4/21,10419,12436210
2021/4/22,94760,12530970
2021/4/23,55302,12586272
2021/4/24,19739,12606011
2021/4/25,8548,12614559
2021/4/26,92941,12707500
2021/4/27,107619,12815119
2021/4/28,34544,12849663
2021/4/29,92418,12942081
2021/4/30,49870,12991951
2021/5/1,31941,13023892
2021/5/2,59658,13083550
2021/5/3,51593,13135143
2021/5/4,35418,13170561
2021/5/5,84099,13254660
2021/5/6,30929,13285589
2021/5/7,114486,13400075
2021/5/8,21972,13422047
2021/5/9,35353,13457400
2021/5/10,23662,13481062
2021/5/11,111401,13592463
2021/5/12,29956,13622419
2021/5/13,40271,13662690
2021/5/14,40590,13703280
2021/5/15,7542,13710822
2021/5/16,53698,13764520
2021/5/17,92211,13856731
2021/5/18,101083,13957814
2021/5/19,85952,14043766
2021/5/20,36323,14080089
2021/5/21,23711,14103800
2021/5/22,28643,14132443
2021/5/23,0,14132443
2021/5/24,58201,14190644
2021/5/25,41347,14231991
2021/5/26,40183,14272174
2021/5/27,183636,14455810
2021/5/28,36891,14492701
2021/5/29,3523,14496224
2021/5/30,44283,14540507
2021/5/31,45502,14586009
2021/6/1,108941,14694950
2021/6/2,68744,14763694
2021/6/3,0,14763694
2021/6/4,105300,14868994
2021/6/5,75075,14944069
2021/6/6,56649,15000718
2021/6/7,19079,15019797
2021/6/8,35950,15055747
2021/6/9,98354,15154101
2021/6/10,57075,15211176
2021/6/11,49283,15260459
2021/6/12,10661,15271120
2021/6/13,129049,15400169
2021/6/14,21228,15421397
2021/6/15,98558,15519955
2021/6/16,49601,15569556
2021/6/17,91058,15660614
2021/6/18,26575,15687189
2021/6/19,58274,15745463
2021/6/20,0,15745463
2021/6/21,74301,15819764
2021/6/22,42332,15862096
2021/6/23,146175,16008271
2021/6/24,29959,16038230
2021/6/25,59481,16097711
2021/6/26,48897,16146608
2021/6/27,14218,16160826
2021/6/28,79554,16240380
2021/6/29,37405,16277785
2021/6/30,21473,16299258
2021/7/1,177995,16477253
2021/7/2,32568,16509821
2021/7/3,14279,16524100
2021/7/4,58383,16582483
2021/7/5,93078,16675561
2021/7/6,64575,16740136
2021/7/7,23386,16763522
2021/7/8,32639,16796161
2021/7/9,27140,16823301
2021/7/10,160032,16983333
2021/7/11,17710,17001043
2021/7/12,13753,17014796
2021/7/13,22231,17037027
2021/7/14,91402,17128429
2021/7/15,13419,17141848
2021/7/16,110802,17252650
2021/7/17,1679,17254329
2021/7/18,50485,17304814
2021/7/19,14515,17319329
2021/7/20,51736,17371065
2021/7/21,33430,17404495
2021/7/22,65837,17470332
2021/7/23,4759,17475091
